./push_swap 9 3 7 1 5 8 -6 4 2 0

./push_swap 25 275 -285 -107 17 -381 238 241 -224 276 402 245 -202 -113 -426 -250 -323 -380 -482 -453 395 87 -1 432 285 76 -413 96 -302 210 -143 85 121 -492 164 317 146 -315 -367 -330 303 -166 -42 326 -355 73 170 186 -265 264 243 -208 -298 -317 305 37 -371 139 242 -209 348 95 403 456 -334 -351 -332 -123 -135 -225 -200 -121 204 88 -21 -262 -125 -43 131 329 -246 43 -93 -369 -104 -389 220 51 -313 -338 364 -440 -105 -205 420 404 -326 -86 -281 -441


./push_swap -402 1147 174 134 460 242 -231 -181 -112 -194 262 -427 -114 -155 269 -248 -165 -150 -371 453 219 99 97 26 -24 -407 -350 -22 101 353 -57 230 -233 -364 61 158 119 -132 458 236 -190 -193 -1 -452 -109 -369 378 -368 178 390 -5 405 -104 -139 275 17 -326 232 373 -75 151 124 -446 -453 -469 -271 -47 361 -454 216 -339 93 150 -244 -254 -274 -214 -263 -151 422 128 342 314 53 -170 156 -39 -40 -148 76 418 209 410 -38 323 489 -438 186 457 -111 50 196 -494 102 -96 74 -441 289 159 -232 496 125 33 27 491 454 255 -226 274 -91 273 -54 -100 -374 399 175 -302 201 21 -85 322 -61 -108 -246 450 120 -200 247 376 96 -424 -351 -451 -76 192 368 -289 -283 145 -434 7 -182 -156 -428 -235 -420 197 383 452 -51 333 -460 -77 294 -489 28 281 176 142 37 426 406 -173 -243 -93 103 65 215 73 -127 44 161 387 181 -280 258 233 -488 220 -496 -390 291 345 500 -120 -78 -389 -102 -260 -356 211 223 331 411 432 -185 208 -309 155 288 -466 -159 244 -480 -500 -180 338 346 278 12 234 -450 -220 425 423 78 -275 -269 -73 173 337 -268 479 115 57 35 263 -377 -118 -362 34 327 153 474 -483 105 -70 195 -167 -295 -334 245 -322 -458 -293 224 -36 -35 374 88 -317 -445 229 -457 -228 -178 -30 419 -333 -99 -186 -217 -406 -62 487 -409 -376 -11 -266 -124 -113 -342 488 459 347 340 87 11 -98 -237 442 241 9 415 350 315 -487 218 -448 303 -338 122 266 326 -287 297 -464 179 -472 0 -28 -284 282 222 210 -154 -391 -223 6 -319 293 -122 305 -348 -346 421 -481 214 427 157 -234 206 -95 111 -242 377 389 191 334 -215 172 -222 -347 -198 -357 -218 -336 -270 429 24 437 -81 430 14 109 113 81 114 270 -205 189 -66 -419 -26 -166 -294 -499 494 -367 -171 131 238 -50 144 465 126 -285 325 498 -176 252 370 160 -105 198 -80 -261 -168 -49 130 52 -307 -433 235 -490 54 -224 277 384 -298 -265 397 36 38 -23 -3 475 3 -169 -157 16 413 -174 110 -258 -360 -210 91 -308 193 -64 332 -144 56 18 49 -330 402 118 -335 -123 -354 -68 251 -247 445 13 379 268 -288 -230 -137 313 -245 -262 -417 -83 -251 -211 -116 461 259 492 -435 188 -207 469 462 395 8 -405 221 393 316 309 -131 -315 -395 385 283 -13 -292 51 -110 -372 466 95 -82 321 -318 -101 -411 -311 363 364 -473 166 -468 433 -161 217 -444 83 -404 254 106 -58 382 104 60







10 números-> 45 movimientos
100 números-> 2589 movimientos (máximo 700)
500 números-> 59892 movimientos (máximo 5500)

10 números-> 45 movimientos
100 números-> 2589 movimientos
500 números-> 59892 movimientos

ARG="4 67 3 87 23"; ./push_swap $ARG | wc -l


ARG="25 275 -285 -107 17 -381 238 241 -224 276 402 245 -202 -113 -426 -250 -323 -380 -482 -453 395 87 -1 432 285 76 -413 96 -302 210 -143 85 121 -492 164 317 146 -315 -367 -330 303 -166 -42 326 -355 73 170 186 -265 264 243 -208 -298 -317 305 37 -371 139 242 -209 348 95 403 456 -334 -351 -332 -123 -135 -225 -200 -121 204 88 -21 -262 -125 -43 131 329 -246 43 -93 -369 -104 -389 220 51 -313 -338 364 -440 -105 -205 420 404 -326 -86 -281 -441"; ./push_swap $ARG | wc -l

ARG="-402 1147 174 134 460 242 -231 -181 -112 -194 262 -427 -114 -155 269 -248 -165 -150 -371 453 219 99 97 26 -24 -407 -350 -22 101 353 -57 230 -233 -364 61 158 119 -132 458 236 -190 -193 -1 -452 -109 -369 378 -368 178 390 -5 405 -104 -139 275 17 -326 232 373 -75 151 124 -446 -453 -469 -271 -47 361 -454 216 -339 93 150 -244 -254 -274 -214 -263 -151 422 128 342 314 53 -170 156 -39 -40 -148 76 418 209 410 -38 323 489 -438 186 457 -111 50 196 -494 102 -96 74 -441 289 159 -232 496 125 33 27 491 454 255 -226 274 -91 273 -54 -100 -374 399 175 -302 201 21 -85 322 -61 -108 -246 450 120 -200 247 376 96 -424 -351 -451 -76 192 368 -289 -283 145 -434 7 -182 -156 -428 -235 -420 197 383 452 -51 333 -460 -77 294 -489 28 281 176 142 37 426 406 -173 -243 -93 103 65 215 73 -127 44 161 387 181 -280 258 233 -488 220 -496 -390 291 345 500 -120 -78 -389 -102 -260 -356 211 223 331 411 432 -185 208 -309 155 288 -466 -159 244 -480 -500 -180 338 346 278 12 234 -450 -220 425 423 78 -275 -269 -73 173 337 -268 479 115 57 35 263 -377 -118 -362 34 327 153 474 -483 105 -70 195 -167 -295 -334 245 -322 -458 -293 224 -36 -35 374 88 -317 -445 229 -457 -228 -178 -30 419 -333 -99 -186 -217 -406 -62 487 -409 -376 -11 -266 -124 -113 -342 488 459 347 340 87 11 -98 -237 442 241 9 415 350 315 -487 218 -448 303 -338 122 266 326 -287 297 -464 179 -472 0 -28 -284 282 222 210 -154 -391 -223 6 -319 293 -122 305 -348 -346 421 -481 214 427 157 -234 206 -95 111 -242 377 389 191 334 -215 172 -222 -347 -198 -357 -218 -336 -270 429 24 437 -81 430 14 109 113 81 114 270 -205 189 -66 -419 -26 -166 -294 -499 494 -367 -171 131 238 -50 144 465 126 -285 325 498 -176 252 370 160 -105 198 -80 -261 -168 -49 130 52 -307 -433 235 -490 54 -224 277 384 -298 -265 397 36 38 -23 -3 475 3 -169 -157 16 413 -174 110 -258 -360 -210 91 -308 193 -64 332 -144 56 18 49 -330 402 118 -335 -123 -354 -68 251 -247 445 13 379 268 -288 -230 -137 313 -245 -262 -417 -83 -251 -211 -116 461 259 492 -435 188 -207 469 462 395 8 -405 221 393 316 309 -131 -315 -395 385 283 -13 -292 51 -110 -372 466 95 -82 321 -318 -101 -411 -311 363 364 -473 166 -468 433 -161 217 -444 83 -404 254 106 -58 382 104 60"; ./push_swap $ARG | wc -l

El cheker solo da ok/ko, no da el nº de movimientos
ARG="3 2 1"; ./push_swap $ARG | ./checker_linux $ARG
ARG="25 275 -285 -107 17 -381 238 241 -224 276 402 245 -202 -113 -426 -250 -323 -380 -482 -453 395 87 -1 432 285 76 -413 96 -302 210 -143 85 121 -492 164 317 146 -315 -367 -330 303 -166 -42 326 -355 73 170 186 -265 264 243 -208 -298 -317 305 37 -371 139 242 -209 348 95 403 456 -334 -351 -332 -123 -135 -225 -200 -121 204 88 -21 -262 -125 -43 131 329 -246 43 -93 -369 -104 -389 220 51 -313 -338 364 -440 -105 -205 420 404 -326 -86 -281 -441"; ./push_swap $ARG | ./checker_linux $ARG
ARG="-402 1147 174 134 460 242 -231 -181 -112 -194 262 -427 -114 -155 269 -248 -165 -150 -371 453 219 99 97 26 -24 -407 -350 -22 101 353 -57 230 -233 -364 61 158 119 -132 458 236 -190 -193 -1 -452 -109 -369 378 -368 178 390 -5 405 -104 -139 275 17 -326 232 373 -75 151 124 -446 -453 -469 -271 -47 361 -454 216 -339 93 150 -244 -254 -274 -214 -263 -151 422 128 342 314 53 -170 156 -39 -40 -148 76 418 209 410 -38 323 489 -438 186 457 -111 50 196 -494 102 -96 74 -441 289 159 -232 496 125 33 27 491 454 255 -226 274 -91 273 -54 -100 -374 399 175 -302 201 21 -85 322 -61 -108 -246 450 120 -200 247 376 96 -424 -351 -451 -76 192 368 -289 -283 145 -434 7 -182 -156 -428 -235 -420 197 383 452 -51 333 -460 -77 294 -489 28 281 176 142 37 426 406 -173 -243 -93 103 65 215 73 -127 44 161 387 181 -280 258 233 -488 220 -496 -390 291 345 500 -120 -78 -389 -102 -260 -356 211 223 331 411 432 -185 208 -309 155 288 -466 -159 244 -480 -500 -180 338 346 278 12 234 -450 -220 425 423 78 -275 -269 -73 173 337 -268 479 115 57 35 263 -377 -118 -362 34 327 153 474 -483 105 -70 195 -167 -295 -334 245 -322 -458 -293 224 -36 -35 374 88 -317 -445 229 -457 -228 -178 -30 419 -333 -99 -186 -217 -406 -62 487 -409 -376 -11 -266 -124 -113 -342 488 459 347 340 87 11 -98 -237 442 241 9 415 350 315 -487 218 -448 303 -338 122 266 326 -287 297 -464 179 -472 0 -28 -284 282 222 210 -154 -391 -223 6 -319 293 -122 305 -348 -346 421 -481 214 427 157 -234 206 -95 111 -242 377 389 191 334 -215 172 -222 -347 -198 -357 -218 -336 -270 429 24 437 -81 430 14 109 113 81 114 270 -205 189 -66 -419 -26 -166 -294 -499 494 -367 -171 131 238 -50 144 465 126 -285 325 498 -176 252 370 160 -105 198 -80 -261 -168 -49 130 52 -307 -433 235 -490 54 -224 277 384 -298 -265 397 36 38 -23 -3 475 3 -169 -157 16 413 -174 110 -258 -360 -210 91 -308 193 -64 332 -144 56 18 49 -330 402 118 -335 -123 -354 -68 251 -247 445 13 379 268 -288 -230 -137 313 -245 -262 -417 -83 -251 -211 -116 461 259 492 -435 188 -207 469 462 395 8 -405 221 393 316 309 -131 -315 -395 385 283 -13 -292 51 -110 -372 466 95 -82 321 -318 -101 -411 -311 363 364 -473 166 -468 433 -161 217 -444 83 -404 254 106 -58 382 104 60"; ./push_swap $ARG | ./checker_linux $ARG